3.000000000000000000e+02 0.000000000000000000e+00
3.010000000000000000e+02 0.000000000000000000e+00
3.020000000000000000e+02 0.000000000000000000e+00
3.030000000000000000e+02 0.000000000000000000e+00
3.040000000000000000e+02 0.000000000000000000e+00
3.050000000000000000e+02 0.000000000000000000e+00
3.060000000000000000e+02 0.000000000000000000e+00
3.070000000000000000e+02 0.000000000000000000e+00
3.080000000000000000e+02 0.000000000000000000e+00
3.090000000000000000e+02 0.000000000000000000e+00
3.100000000000000000e+02 0.000000000000000000e+00
3.110000000000000000e+02 0.000000000000000000e+00
3.120000000000000000e+02 0.000000000000000000e+00
3.130000000000000000e+02 0.000000000000000000e+00
3.140000000000000000e+02 0.000000000000000000e+00
3.150000000000000000e+02 0.000000000000000000e+00
3.160000000000000000e+02 0.000000000000000000e+00
3.170000000000000000e+02 0.000000000000000000e+00
3.180000000000000000e+02 0.000000000000000000e+00
3.190000000000000000e+02 0.000000000000000000e+00
3.200000000000000000e+02 0.000000000000000000e+00
3.210000000000000000e+02 0.000000000000000000e+00
3.220000000000000000e+02 0.000000000000000000e+00
3.230000000000000000e+02 0.000000000000000000e+00
3.240000000000000000e+02 0.000000000000000000e+00
3.250000000000000000e+02 0.000000000000000000e+00
3.260000000000000000e+02 0.000000000000000000e+00
3.270000000000000000e+02 0.000000000000000000e+00
3.280000000000000000e+02 0.000000000000000000e+00
3.290000000000000000e+02 0.000000000000000000e+00
3.300000000000000000e+02 0.000000000000000000e+00
3.310000000000000000e+02 0.000000000000000000e+00
3.320000000000000000e+02 0.000000000000000000e+00
3.330000000000000000e+02 0.000000000000000000e+00
3.340000000000000000e+02 0.000000000000000000e+00
3.350000000000000000e+02 0.000000000000000000e+00
3.360000000000000000e+02 0.000000000000000000e+00
3.370000000000000000e+02 0.000000000000000000e+00
3.380000000000000000e+02 0.000000000000000000e+00
3.390000000000000000e+02 0.000000000000000000e+00
3.400000000000000000e+02 0.000000000000000000e+00
3.410000000000000000e+02 0.000000000000000000e+00
3.420000000000000000e+02 0.000000000000000000e+00
3.430000000000000000e+02 0.000000000000000000e+00
3.440000000000000000e+02 0.000000000000000000e+00
3.450000000000000000e+02 0.000000000000000000e+00
3.460000000000000000e+02 0.000000000000000000e+00
3.470000000000000000e+02 0.000000000000000000e+00
3.480000000000000000e+02 0.000000000000000000e+00
3.490000000000000000e+02 0.000000000000000000e+00
3.500000000000000000e+02 0.000000000000000000e+00
3.510000000000000000e+02 0.000000000000000000e+00
3.520000000000000000e+02 0.000000000000000000e+00
3.530000000000000000e+02 0.000000000000000000e+00
3.540000000000000000e+02 4.160960524009919609e-05
3.550000000000000000e+02 1.983644652931512578e-04
3.560000000000000000e+02 3.306261566922593081e-04
3.570000000000000000e+02 4.395599599222333462e-04
3.580000000000000000e+02 5.536954670288100379e-04
3.590000000000000000e+02 6.878699517969667863e-04
3.600000000000000000e+02 8.238156320586936723e-04
3.610000000000000000e+02 1.034071471391497356e-03
3.620000000000000000e+02 1.278499135698591251e-03
3.630000000000000000e+02 1.587159867804268862e-03
3.640000000000000000e+02 1.913043033942470050e-03
3.650000000000000000e+02 2.239072051018669261e-03
3.660000000000000000e+02 2.687094989024900286e-03
3.670000000000000000e+02 3.186909522866596296e-03
3.680000000000000000e+02 3.653763984748242561e-03
3.690000000000000000e+02 4.224755241833195139e-03
3.700000000000000000e+02 4.829928715445869040e-03
3.710000000000000000e+02 5.673517401102863913e-03
3.720000000000000000e+02 6.604474557357422303e-03
3.730000000000000000e+02 7.911382958116861680e-03
3.740000000000000000e+02 9.270898880874362674e-03
3.750000000000000000e+02 1.059518274664676685e-02
3.760000000000000000e+02 1.195084025098424110e-02
3.770000000000000000e+02 1.324687448417833854e-02
3.780000000000000000e+02 1.451509142136428801e-02
3.790000000000000000e+02 1.567446002514857883e-02
3.800000000000000000e+02 1.682275553024982842e-02
3.810000000000000000e+02 1.780345107199799923e-02
3.820000000000000000e+02 1.870305663271464372e-02
3.830000000000000000e+02 1.915475009825302194e-02
3.840000000000000000e+02 1.967479332911580003e-02
3.850000000000000000e+02 2.006352411736042271e-02
3.860000000000000000e+02 2.038453600207903310e-02
3.870000000000000000e+02 2.067074536411808716e-02
3.880000000000000000e+02 2.080307210168803531e-02
3.890000000000000000e+02 2.087684360920014082e-02
3.900000000000000000e+02 2.093644390828607038e-02
3.910000000000000000e+02 2.089062875815238945e-02
3.920000000000000000e+02 2.083761555848728103e-02
3.930000000000000000e+02 2.069971842251600372e-02
3.940000000000000000e+02 2.050243342191574239e-02
3.950000000000000000e+02 2.029149660152320886e-02
3.960000000000000000e+02 2.007462846655061819e-02
3.970000000000000000e+02 1.979459676738627022e-02
3.980000000000000000e+02 1.949600765185997495e-02
3.990000000000000000e+02 1.917210283410560392e-02
4.000000000000000000e+02 1.878289034044908906e-02
4.010000000000000000e+02 1.825190632751484340e-02
4.020000000000000000e+02 1.771065918773560149e-02
4.030000000000000000e+02 1.717432037113730131e-02
4.040000000000000000e+02 1.663953801970325178e-02
4.050000000000000000e+02 1.610250850444801610e-02
4.060000000000000000e+02 1.556081559061236845e-02
4.070000000000000000e+02 1.501168458765224194e-02
4.080000000000000000e+02 1.441274415296992656e-02
4.090000000000000000e+02 1.387093941459469418e-02
4.100000000000000000e+02 1.332960028193523778e-02
4.110000000000000000e+02 1.283879768346046606e-02
4.120000000000000000e+02 1.235718909269504888e-02
4.130000000000000000e+02 1.189428551129055947e-02
4.140000000000000000e+02 1.145418299342584358e-02
4.150000000000000000e+02 1.091690062290470373e-02
4.160000000000000000e+02 1.051960248905849798e-02
4.170000000000000000e+02 1.010719900096159439e-02
4.180000000000000000e+02 9.673451103223361727e-03
4.190000000000000000e+02 9.239714528222224207e-03
4.200000000000000000e+02 8.903890983322355207e-03
4.210000000000000000e+02 8.588693075454730680e-03
4.220000000000000000e+02 8.273495167587102683e-03
4.230000000000000000e+02 7.956385675660473597e-03
4.240000000000000000e+02 7.635042715991968709e-03
4.250000000000000000e+02 7.313431130317221002e-03
4.260000000000000000e+02 7.058141581380177922e-03
4.270000000000000000e+02 6.814128394815804207e-03
4.280000000000000000e+02 6.502548978837907785e-03
4.290000000000000000e+02 6.205120345923411176e-03
4.300000000000000000e+02 5.962168530679758278e-03
4.310000000000000000e+02 5.721033578238869481e-03
4.320000000000000000e+02 5.479905541474146963e-03
4.330000000000000000e+02 5.252691233361765979e-03
4.340000000000000000e+02 5.041744820571757157e-03
4.350000000000000000e+02 4.837639543364086712e-03
4.360000000000000000e+02 4.649909845194395187e-03
4.370000000000000000e+02 4.462427796340887910e-03
4.380000000000000000e+02 4.274945747487380633e-03
4.390000000000000000e+02 4.087463698633872489e-03
4.400000000000000000e+02 3.902524201391653451e-03
4.410000000000000000e+02 3.721768479552136147e-03
4.420000000000000000e+02 3.541010574382574307e-03
4.430000000000000000e+02 3.360245529310300003e-03
4.440000000000000000e+02 3.183579355669797616e-03
4.450000000000000000e+02 3.029598353059358758e-03
4.460000000000000000e+02 2.879991298985059948e-03
4.470000000000000000e+02 2.742655628325080860e-03
4.480000000000000000e+02 2.608853238347132349e-03
4.490000000000000000e+02 2.480340676162468179e-03
4.500000000000000000e+02 2.360371534865558958e-03
4.510000000000000000e+02 2.249959687973911941e-03
4.520000000000000000e+02 2.143136439728275840e-03
4.530000000000000000e+02 2.047103213773022925e-03
4.540000000000000000e+02 1.975199131515680689e-03
4.550000000000000000e+02 1.903295049258338020e-03
4.560000000000000000e+02 1.810763931355309671e-03
4.570000000000000000e+02 1.703898771732395784e-03
4.580000000000000000e+02 1.600831520796473914e-03
4.590000000000000000e+02 1.520901883776334517e-03
4.600000000000000000e+02 1.441533550733265466e-03
4.610000000000000000e+02 1.383385294260749444e-03
4.620000000000000000e+02 1.335742773605772980e-03
4.630000000000000000e+02 1.288100193563645069e-03
4.640000000000000000e+02 1.240456983975924635e-03
4.650000000000000000e+02 1.192813694235752469e-03
4.660000000000000000e+02 1.143800510450583433e-03
4.670000000000000000e+02 1.090763937068694144e-03
4.680000000000000000e+02 1.038699914559528068e-03
4.690000000000000000e+02 1.008614687279760355e-03
4.700000000000000000e+02 9.852235872248157802e-04
4.710000000000000000e+02 9.596740422878859622e-04
4.720000000000000000e+02 9.120307525477134702e-04
4.730000000000000000e+02 8.643874628075410866e-04
4.740000000000000000e+02 8.346976187366530802e-04
4.750000000000000000e+02 8.352033997340719803e-04
4.760000000000000000e+02 8.005983230102753411e-04
4.770000000000000000e+02 7.529550332701028491e-04
4.780000000000000000e+02 7.058374523284691258e-04
4.790000000000000000e+02 6.796539898439404349e-04
4.800000000000000000e+02 6.535651472157120003e-04
4.810000000000000000e+02 6.290297468500840802e-04
4.820000000000000000e+02 6.056472496270831748e-04
4.830000000000000000e+02 5.822647524040823778e-04
4.840000000000000000e+02 5.588755575695433971e-04
4.850000000000000000e+02 5.354852268827550287e-04
4.860000000000000000e+02 5.120947616391153222e-04
4.870000000000000000e+02 4.887036907375850222e-04
4.880000000000000000e+02 4.653125906826406102e-04
4.890000000000000000e+02 4.419214906276964150e-04
4.900000000000000000e+02 4.185303905727520571e-04
4.910000000000000000e+02 3.951392905178075909e-04
4.920000000000000000e+02 3.717481904628634499e-04
4.930000000000000000e+02 3.483570904079190921e-04
4.940000000000000000e+02 3.249659903529745174e-04
4.950000000000000000e+02 3.015748902980303764e-04
4.960000000000000000e+02 2.781837902430862354e-04
4.970000000000000000e+02 2.547926901881412270e-04
4.980000000000000000e+02 2.314015901331975197e-04
4.990000000000000000e+02 2.080104900782529451e-04
5.000000000000000000e+02 1.846193900233083704e-04
5.010000000000000000e+02 1.612282899683646631e-04
5.020000000000000000e+02 1.378371899134200884e-04
5.030000000000000000e+02 1.144460898584755137e-04
5.040000000000000000e+02 9.105498980353180644e-05
5.050000000000000000e+02 6.766388974858809913e-05
5.060000000000000000e+02 4.427278969364178973e-05
5.070000000000000000e+02 2.088168963869721506e-05
5.080000000000000000e+02 0.000000000000000000e+00
5.090000000000000000e+02 0.000000000000000000e+00
5.100000000000000000e+02 0.000000000000000000e+00
5.110000000000000000e+02 0.000000000000000000e+00
5.120000000000000000e+02 0.000000000000000000e+00
5.130000000000000000e+02 0.000000000000000000e+00
5.140000000000000000e+02 0.000000000000000000e+00
5.150000000000000000e+02 0.000000000000000000e+00
5.160000000000000000e+02 0.000000000000000000e+00
5.170000000000000000e+02 0.000000000000000000e+00
5.180000000000000000e+02 0.000000000000000000e+00
5.190000000000000000e+02 0.000000000000000000e+00
5.200000000000000000e+02 0.000000000000000000e+00
5.210000000000000000e+02 0.000000000000000000e+00
5.220000000000000000e+02 0.000000000000000000e+00
5.230000000000000000e+02 0.000000000000000000e+00
5.240000000000000000e+02 0.000000000000000000e+00
5.250000000000000000e+02 0.000000000000000000e+00
5.260000000000000000e+02 0.000000000000000000e+00
5.270000000000000000e+02 0.000000000000000000e+00
5.280000000000000000e+02 0.000000000000000000e+00
5.290000000000000000e+02 0.000000000000000000e+00
5.300000000000000000e+02 0.000000000000000000e+00
5.310000000000000000e+02 0.000000000000000000e+00
5.320000000000000000e+02 0.000000000000000000e+00
5.330000000000000000e+02 0.000000000000000000e+00
5.340000000000000000e+02 0.000000000000000000e+00
5.350000000000000000e+02 0.000000000000000000e+00
5.360000000000000000e+02 0.000000000000000000e+00
5.370000000000000000e+02 0.000000000000000000e+00
5.380000000000000000e+02 0.000000000000000000e+00
5.390000000000000000e+02 0.000000000000000000e+00
5.400000000000000000e+02 0.000000000000000000e+00
5.410000000000000000e+02 0.000000000000000000e+00
5.420000000000000000e+02 0.000000000000000000e+00
5.430000000000000000e+02 0.000000000000000000e+00
5.440000000000000000e+02 0.000000000000000000e+00
5.450000000000000000e+02 0.000000000000000000e+00
5.460000000000000000e+02 0.000000000000000000e+00
5.470000000000000000e+02 0.000000000000000000e+00
5.480000000000000000e+02 0.000000000000000000e+00
5.490000000000000000e+02 0.000000000000000000e+00
5.500000000000000000e+02 0.000000000000000000e+00
